 000000       00000 00000000                000000000           
 011110000000001110001111110      0000000   011111110    000000 
 011111111111117121114111120      0111110   011111110    011110 
 021111111111111181002111110      0111110   011111410    011110 
 000000000000001110 01111110      0111210   000010000    011110 
              01110000000000      0001000     01100      011110 
              00111111111000     01111110    0111110     021110 
     00        01110000110110    01011110    0111110     012110 
    0110        0110  0110110    01011110    0111810     021610 
 0000110000000  0110000111810    01011110    0111110     011110 
 0112111211110000111100111110    01111140    0121110     001000 
 0119112111111111111111111110    01111110    0121110      010   
 0112111111211111111110111110    01111110    0110110      0110  
 0111111111110000111100111110    01111110    0100110      0110  
 0111111816110  0111100111110    01111210    0100110     00110  
 0000110000000  0110000110110    01111110    0100110     01110  
    0110        010   0110110    01112110    010011000   01110  
00000110        010   0110110    01111110    011211110   01120  
01110110        010   01101100   01111110    021119110   01110  
01110110        010   01111110   01011110    011111110   01110  
072101100000000001000001111110   01011110    028121110   01110  
011901101111111111111111111110   01011110    011111110   01120  
011911111100000001000001111110   01011120    011111810   01110  
01110110110   0111111001131110   01011110    011111110   02110  
013101101100000111116001101100   01017110    021111110   00110  
02120110111111119111110110110    01011110    011111310    0110  
09110110000000021211100110110    01011010    011111110    0110  
01110110      011111100110110    01011010    011111110    0110  
00000110      000100000110110    01011010    011111610    0110  
    0110        010   0110110  0001011010    010011000  0001100 
000001100000   001000 01101100 0112111010    0100110    0111110 
011111111110000011110001101110 0111111010    0100110    0717110 
011111191111111111111111111111001111110100000010011000000111110 
011111211111111111111111111111111111111111111111111111111111110 
011111111110000011110001101210000010110100000010011000000111120 
0111111111100000211100011011000000001101000000811111110 0911110 
000001111111111111111111111111111111111111111111211111100111110 
     01010000000010000011010000000001101000000111111810 0111110 
     01010000000010000011010000000001111110  0811111110 0001100 
     011111111111111111111111111111111211110 0100110000   0110  
     01000000000010000011010000000001111610  010 010      0110  
   000100000000011110001111120     01101000  010 010    0001100 
   011111111111111111111111120     01100     010 010    0111110 
   011111100000011110001114110     0110      010 010    0111110 
   0111110     011190 01111110     0110      010 010    0111110 
   0000000     001000 01100000  00001100000 00100010    0112110 
                 0    0110      01121111110 01121010    0111110 
         0000000      0110      01111211110 02111010    0111110 
  000000 0118120 0000001100000  01811111110 01111010    0111110 
  0111100011111000111171111110  01111111110 00100010    0121110 
  0111111111211111111111111110  01111111110   0  010    0111120 
  0116100011111000111111112110  00001100000      010    0111290 
  000000 0181110 0111111112120     010           010    0001100 
         0000000 0000001100000     010           010       010  
                       010     00000100000     00010000   00100 
00000  00000000       00100    01111111110     01111110   01110 
011100 01181110       02120    01111121110     01111110   01610 
021111001111110000000001110    01111121110     01111110   01110 
011101111111111111111111130    01111111120     01111110   01110 
000000001111210000000001110    01118111110     01111110   01110 
       01111110       02110    00000000000     01111110   01110 
       01111110       00000                    09111110   01110 
       00000000                                00000000   00000 
                                                                
                                                                
